Initializing I2C devices...
Initializing I2C devices...
Testing device connections...
MPU6050 connection successful
averaging 1000 readings each time
expanding:
....	XAccel			YAccel				ZAccel			XGyro			YGyro			ZGyro
 [0,0] --> [32767,32767]	[0,0] --> [-12997,-12998]	[0,0] --> [3844,3842]	[0,0] --> [93,92]	[0,0] --> [-127,-127]	[0,0] --> [-269,-269]
.... [-1000,0] --> [29079,32767]	[0,1000] --> [-12997,-4500]	[0,1000] --> [3850,11975]	[-1000,0] --> [-3905,90]	[0,1000] --> [-127,3869]	[0,1000] --> [-270,3725]
.... [-2000,0] --> [19703,32767]	[0,2000] --> [-12997,4002]	[0,2000] --> [3848,20102]	[-1000,0] --> [-3905,90]	[0,1000] --> [-123,3869]	[0,1000] --> [-266,3726]
.... [-3000,0] --> [10328,32767]	[0,2000] --> [-12997,4002]	[0,2000] --> [3849,20096]	[-1000,0] --> [-3906,89]	[0,1000] --> [-123,3869]	[0,1000] --> [-266,3726]
.... [-4000,0] --> [953,32767]	[0,2000] --> [-12998,4000]	[0,2000] --> [3850,20102]	[-1000,0] --> [-3906,87]	[0,1000] --> [-124,3868]	[0,1000] --> [-266,3726]
....	XAccel			YAccel				ZAccel			XGyro			YGyro			ZGyro
 [-5000,0] --> [-8421,32767]	[0,2000] --> [-12999,4000]	[0,2000] --> [3851,20104]	[-1000,0] --> [-3908,86]	[0,1000] --> [-124,3868]	[0,1000] --> [-265,3726]

closing in:
..	XAccel			YAccel				ZAccel			XGyro			YGyro			ZGyro
 [-5000,-2500] --> [-8421,15020]	[1000,2000] --> [-4499,4000]	[1000,2000] --> [11976,20104]	[-500,0] --> [-1910,86]	[0,500] --> [-124,1873]	[0,500] --> [-265,1731]
.. [-5000,-3750] --> [-8421,3298]	[1500,2000] --> [-251,4000]	[1500,2000] --> [16043,20104]	[-250,0] --> [-911,86]	[0,250] --> [-124,872]	[0,250] --> [-265,730]
.. [-4375,-3750] --> [-2571,3298]	[1500,1750] --> [-251,1876]	[1500,1750] --> [16043,18075]	[-125,0] --> [-412,86]	[0,125] --> [-124,372]	[0,125] --> [-265,230]
.. [-4375,-4062] --> [-2571,374]	[1500,1625] --> [-251,808]	[1500,1625] --> [16043,17050]	[-62,0] --> [-160,86]	[0,62] --> [-124,120]	[62,125] --> [-21,230]
.. [-4218,-4062] --> [-1087,374]	[1500,1562] --> [-251,282]	[1500,1562] --> [16043,16547]	[-31,0] --> [-36,86]	[31,62] --> [-3,120]	[62,93] --> [-21,102]
..	XAccel			YAccel				ZAccel			XGyro			YGyro			ZGyro
 [-4140,-4062] --> [-360,374]	[1500,1531] --> [-251,9]	[1531,1562] --> [16287,16547]	[-31,-15] --> [-36,26]	[31,46] --> [-3,56]	[62,77] --> [-21,38]
.. [-4101,-4062] --> [-1,374]	[1515,1531] --> [-123,9]	[1531,1546] --> [16287,16419]	[-23,-15] --> [-5,26]	[31,38] --> [-3,24]	[62,69] --> [-21,6]
.. [-4101,-4081] --> [-1,184]	[1523,1531] --> [-60,9]	[1538,1546] --> [16354,16419]	[-23,-19] --> [-5,9]	[31,34] --> [-3,8]	[65,69] --> [-10,6]
.. [-4101,-4091] --> [-1,91]	[1527,1531] --> [-20,9]	[1538,1542] --> [16354,16390]	[-21,-19] --> [0,9]	[32,34] --> [0,8]	[67,69] --> [-2,6]
.. [-4101,-4096] --> [-1,57]	[1529,1531] --> [-9,9]	[1540,1542] --> [16369,16390]	[-21,-20] --> [0,4]	[32,33] --> [0,4]	[67,68] --> [-2,1]
averaging 10000 readings each time
....................	XAccel			YAccel				ZAccel			XGyro			YGyro			ZGyro
 [-4101,-4098] --> [-1,34]	[1529,1530] --> [-9,5]	[1541,1542] --> [16377,16390]	[-21,-20] --> [0,4]	[32,33] --> [0,4]	[67,68] --> [-1,1]
.................... [-4101,-4099] --> [-1,15]	[1529,1530] --> [-9,5]	[1541,1541] --> [16377,16385]	[-21,-20] --> [-4,4]	[32,32] --> [0,1]	[67,68] --> [-2,1]
.................... [-4101,-4100] --> [-1,16]	[1529,1530] --> [-11,5]	[1541,1541] --> [16377,16391]	[-21,-20] --> [-6,4]	[32,32] --> [0,2]	[67,68] --> [-2,1]
.................... [-4101,-4100] --> [-4,16]	[1529,1530] --> [-11,5]	[1541,1541] --> [16377,16394]	[-21,-20] --> [-6,4]	[32,32] --> [0,2]	[67,68] --> [-2,1]
-------------- done --------------



[-4101,-4100] --> [-4,16]
[1529,1530] --> [-11,5]
[1541,1541] --> [16377,16394]

[-21,-20] --> [-6,4]
[32,32] --> [0,2]
[67,68] --> [-2,1]
